0 -1.0357677779475147e-2 0 -3.497977784492869e-2 -8.47726898812728e-3 0 0 0 0 0 0 0 0 0 0 0 0 0 0 0 0 0 -1.2668144751569186e-2 -0.11004774591324891
-1.0357677779475147e-2 0 0 0 0 0 0 0 0 -1.607052469241806e-2 0 0 0 0 0 0 0 0 0 0 0 0 0 -0.3872709653673787
0 0 0 0 0 0 0 0 0 0 -0.21703143228791832 0 0 0 0 0 0 0 0 0 0 0 0 0
-3.497977784492869e-2 0 0 0 -1.7586297830239715e-2 0 0 0 0 0 0 0 0 0 0 0 0 0 0 0 0 0 0 0
-8.47726898812728e-3 0 0 -1.7586297830239715e-2 0 0 0 0 0 0 0 0 0 0 0 0 0 0 0 0 0 0 0 -8.436613892869494e-3
0 0 0 0 0 0 -1.18853940331269e-2 0 0 0 0 0 0 0 -0.35752367821142456 0 0 0 0 0 0 0 0 0
0 0 0 0 0 -1.18853940331269e-2 0 -0.19294274384424273 0 0 0 0 0 0 -1.5153197958514294e-2 512.5188983659394 -1.5810631866873037e-2 -1.2318762480013241e-2 -6.102057454274356e-2 0 0 0 0 0
0 0 0 0 0 0 -0.19294274384424273 0 -8.264952642949077e-3 0 0 0 0 0 0 -0.11735338005697954 -6.18764083693196e-2 0 -4.5691895234153346e-2 0 0 -2.5435719179560428e-2 -3.0400394976622384e-2 0
0 0 0 0 0 0 0 -8.264952642949077e-3 0 0 0 0 0 0 0 -1.3250729318506689e-2 0 0 -1.8733775837236254e-2 0 0 0 0 0
0 -1.607052469241806e-2 0 0 0 0 0 0 0 0 0 0 0 0 0 0 0 0 0 0 0 0 0 0
0 0 -0.21703143228791832 0 0 0 0 0 0 0 0 0 0 0 0 0 0 0 0 0 0 0 0 0
0 0 0 0 0 0 0 0 0 0 0 0 -2.4439133693504495e-2 0 0 0 0 0 0 0 0 0 0 0
0 0 0 0 0 0 0 0 0 0 0 -2.4439133693504495e-2 0 -3.645855992103892e-2 0 0 0 0 0 0 0 0 0 0
0 0 0 0 0 0 0 0 0 0 0 0 -3.645855992103892e-2 0 -2.3537688744074924e-2 0 0 0 0 0 0 0 0 0
0 0 0 0 0 -0.35752367821142456 -1.5153197958514294e-2 0 0 0 0 0 0 -2.3537688744074924e-2 0 -1.59439824365987e-2 0 0 0 0 0 0 0 0
0 0 0 0 0 0 512.5188983659394 -0.11735338005697954 -1.3250729318506689e-2 0 0 0 0 0 -1.59439824365987e-2 0 0 0 -9.230405462190248e-2 0 0 0 0 0
0 0 0 0 0 0 -1.5810631866873037e-2 -6.18764083693196e-2 0 0 0 0 0 0 0 0 0 -2.580405739170094e-2 -6.97068742403129e-2 0 0 0 0 0
0 0 0 0 0 0 -1.2318762480013241e-2 0 0 0 0 0 0 0 0 0 -2.580405739170094e-2 0 -2.8890573126377165e-2 0 0 0 0 0
0 0 0 0 0 0 -6.102057454274356e-2 -4.5691895234153346e-2 -1.8733775837236254e-2 0 0 0 0 0 0 -9.230405462190248e-2 -6.97068742403129e-2 -2.8890573126377165e-2 0 -1.6381246258347325e-2 0 0 0 0
0 0 0 0 0 0 0 0 0 0 0 0 0 0 0 0 0 0 -1.6381246258347325e-2 0 0 0 0 0
0 0 0 0 0 0 0 0 0 0 0 0 0 0 0 0 0 0 0 0 0 0 0 0
0 0 0 0 0 0 0 -2.5435719179560428e-2 0 0 0 0 0 0 0 0 0 0 0 0 0 0 -0.29296782802565563 0
-1.2668144751569186e-2 0 0 0 0 0 0 -3.0400394976622384e-2 0 0 0 0 0 0 0 0 0 0 0 0 0 -0.29296782802565563 0 -3.6360381958363816e-2
-0.11004774591324891 -0.3872709653673787 0 0 -8.436613892869494e-3 0 0 0 0 0 0 0 0 0 0 0 0 0 0 0 0 0 -3.6360381958363816e-2 0
