0 0 0 0 0 0 0 0 0 0 0 0 0 0 0 0 0 0 0 0 0 0 0 0
0 0 0 0 0 0 0 0 0 0 0 0 0 0 0 0 0 0 0 0 0 0 0 0
0 0 0 -2.3600578458769964e-2 0 -2.9833571637421126e-2 -9.360878788407072e-2 0 0 0 0 0 0 0 0 0 0 0 0 0 0 0 0 0
0 0 -2.3600578458769964e-2 0 0 0 0 0 0 0 0 0 0 0 0 0 0 0 0 0 0 0 0 0
0 0 0 0 0 -5.9204207040758204e-2 0 0 0 0 0 0 0 0 0 0 0 0 0 -2.395730790186345e-2 -9.639807105148503e-2 -2.994087341713703e-2 0 0
0 0 -2.9833571637421126e-2 0 -5.9204207040758204e-2 0 -9.4498424641487e-3 0 0 0 0 0 0 0 0 0 0 -1.0451280673743527e-2 -4.1244955688704836e-2 -2.5345764628345663e-2 0 0 0 0
0 0 -9.360878788407072e-2 0 0 -9.4498424641487e-3 0 -0.1834618863561905 0 0 0 0 0 0 0 0 0 0 0 0 0 0 0 0
0 0 0 0 0 0 -0.1834618863561905 0 -2.0122926101521846e-2 0 0 0 0 0 0 0 0 0 0 0 0 0 0 0
0 0 0 0 0 0 0 -2.0122926101521846e-2 0 -1.6707078525595272e-2 -1.10777949718537e-2 0 0 0 0 0 0 0 0 0 0 0 0 0
0 0 0 0 0 0 0 0 -1.6707078525595272e-2 0 -2.89277612689196e-2 0 -0.24969234635869142 -1.737552251648157e-2 -0.11608267757751475 0 0 0 0 0 0 0 0 -0.27670428816926024
0 0 0 0 0 0 0 0 -1.10777949718537e-2 -2.89277612689196e-2 0 -0.2478360587350462 -0.14549952682073156 0 0 0 0 0 0 0 0 0 0 -2.4499789255131264e-2
0 0 0 0 0 0 0 0 0 0 -0.2478360587350462 0 -2.366675371465305e-2 0 0 0 0 0 0 0 0 0 0 0
0 0 0 0 0 0 0 0 0 -0.24969234635869142 -0.14549952682073156 -2.366675371465305e-2 0 -0.7998728715754837 -1.4144204212292606e-2 0 0 0 0 0 0 0 0 467.3970452854033
0 0 0 0 0 0 0 0 0 -1.737552251648157e-2 0 0 -0.7998728715754837 0 -8.238841825769026e-3 -1.905935570206767e-2 0 0 0 0 0 0 0 -0.6998845255958281
0 0 0 0 0 0 0 0 0 -0.11608267757751475 0 0 -1.4144204212292606e-2 -8.238841825769026e-3 0 -2.1010094723157176e-2 0 0 0 0 0 0 0 -2.0506677756344967e-2
0 0 0 0 0 0 0 0 0 0 0 0 0 -1.905935570206767e-2 -2.1010094723157176e-2 0 -2.1720291913406423e-2 0 0 0 0 0 0 -1.7104136234510632e-2
0 0 0 0 0 0 0 0 0 0 0 0 0 0 0 -2.1720291913406423e-2 0 -5.8406124222569585e-2 -0.9969693999763811 -3.98811457463652e-2 0 0 0 0
0 0 0 0 0 -1.0451280673743527e-2 0 0 0 0 0 0 0 0 0 0 -5.8406124222569585e-2 0 -2.6369563333592454e-2 0 0 0 0 0
0 0 0 0 0 -4.1244955688704836e-2 0 0 0 0 0 0 0 0 0 0 -0.9969693999763811 -2.6369563333592454e-2 0 -0.9995748684988439 0 -1.9843369232058896e-2 0 0
0 0 0 0 -2.395730790186345e-2 -2.5345764628345663e-2 0 0 0 0 0 0 0 0 0 0 -3.98811457463652e-2 0 -0.9995748684988439 0 -1.65989746017758e-2 -0.1261784214601596 0 0
0 0 0 0 -9.639807105148503e-2 0 0 0 0 0 0 0 0 0 0 0 0 0 0 -1.65989746017758e-2 0 0 0 0
0 0 0 0 -2.994087341713703e-2 0 0 0 0 0 0 0 0 0 0 0 0 0 -1.9843369232058896e-2 -0.1261784214601596 0 0 -1.814059884949004e-2 0
0 0 0 0 0 0 0 0 0 0 0 0 0 0 0 0 0 0 0 0 0 -1.814059884949004e-2 0 0
0 0 0 0 0 0 0 0 0 -0.27670428816926024 -2.4499789255131264e-2 0 467.3970452854033 -0.6998845255958281 -2.0506677756344967e-2 -1.7104136234510632e-2 0 0 0 0 0 0 0 0
