0 0 0 0 0 0 0 -2.652251716365298e-2 0 0 0 0 0 0 0 0 0 0 0 0 0 0 0 0
0 0 0 0 0 0 0 0 0 0 0 0 0 0 0 0 0 0 0 0 0 0 0 0
0 0 0 -1.7451565693963386e-2 0 0 0 0 0 0 0 -4.3436080997261574e-2 0 -0.6774134035331307 -0.12869046961587707 0 0 0 0 0 0 0 0 -1.5377862279562147e-2
0 0 -1.7451565693963386e-2 0 -0.3066195644438733 0 -8.84395795957508e-3 0 0 -0.11808284218998819 0 -9.546906488133347e-3 0 0 0 0 0 0 0 0 0 0 0 0
0 0 0 -0.3066195644438733 0 -2.1707086305938095e-2 -0.10429434210947212 -8.494826527300395e-3 0 -2.2509600898175632e-2 0 0 0 0 0 0 0 0 0 0 0 0 -1.0136669126399402e-2 0
0 0 0 0 -2.1707086305938095e-2 0 0 0 0 0 0 0 0 0 0 0 0 0 0 0 0 0 -5.6362545816504975e-2 0
0 0 0 -8.84395795957508e-3 -0.10429434210947212 0 0 -1.598668745888416e-2 0 -3.229292309995662e-2 0 0 0 0 0 0 0 0 0 0 0 0 -1.7138528690385194e-2 0
-2.652251716365298e-2 0 0 0 -8.494826527300395e-3 0 -1.598668745888416e-2 0 0 0 0 0 0 0 0 0 0 0 0 0 0 0 0 0
0 0 0 0 0 0 0 0 0 -1.8307609556975562e-2 -3.717696405696411e-2 0 0 0 0 0 0 0 0 0 0 0 0 0
0 0 0 -0.11808284218998819 -2.2509600898175632e-2 0 -3.229292309995662e-2 0 -1.8307609556975562e-2 0 -1.6582553805369212e-2 -6.797160561987456e-2 0 0 0 0 0 0 0 0 0 0 0 0
0 0 0 0 0 0 0 0 -3.717696405696411e-2 -1.6582553805369212e-2 0 -1.7782433893432422e-2 -8.952076703805333e-3 0 0 0 0 0 0 0 0 0 0 0
0 0 -4.3436080997261574e-2 -9.546906488133347e-3 0 0 0 0 0 -6.797160561987456e-2 -1.7782433893432422e-2 0 -3.317587532195639e-2 -0.18286254687998063 0 0 0 0 0 0 0 0 0 0
0 0 0 0 0 0 0 0 0 0 -8.952076703805333e-3 -3.317587532195639e-2 0 -1.6131435775889706e-2 0 0 0 0 0 0 0 0 0 0
0 0 -0.6774134035331307 0 0 0 0 0 0 0 0 -0.18286254687998063 -1.6131435775889706e-2 0 -0.4121003622134951 0 0 0 0 0 0 0 0 0
0 0 -0.12869046961587707 0 0 0 0 0 0 0 0 0 0 -0.4121003622134951 0 -1.6418296906130805e-2 0 -1.3248472909596262e-2 0 0 0 0 0 -9.763497698294687e-2
0 0 0 0 0 0 0 0 0 0 0 0 0 0 -1.6418296906130805e-2 0 -1.2424746443280238e-2 0 0 0 0 0 0 -3.2061599821620185e-2
0 0 0 0 0 0 0 0 0 0 0 0 0 0 0 -1.2424746443280238e-2 0 -2.2716350303841157e-2 -1.0754764116181901e-2 0 0 0 0 -1.4095398912643196e-2
0 0 0 0 0 0 0 0 0 0 0 0 0 0 -1.3248472909596262e-2 0 -2.2716350303841157e-2 0 -2.0730524365726297e-2 0 0 -1.4127217569951559e-2 0 -7.338341178861449e-2
0 0 0 0 0 0 0 0 0 0 0 0 0 0 0 0 -1.0754764116181901e-2 -2.0730524365726297e-2 0 -3.1153444059345423e-2 0 0 0 0
0 0 0 0 0 0 0 0 0 0 0 0 0 0 0 0 0 0 -3.1153444059345423e-2 0 -2.369105628634245e-2 0 0 0
0 0 0 0 0 0 0 0 0 0 0 0 0 0 0 0 0 0 0 -2.369105628634245e-2 0 -0.32587362266590575 0 0
0 0 0 0 0 0 0 0 0 0 0 0 0 0 0 0 0 -1.4127217569951559e-2 0 0 -0.32587362266590575 0 -1.6571441646373638e-2 0
0 0 0 0 -1.0136669126399402e-2 -5.6362545816504975e-2 -1.7138528690385194e-2 0 0 0 0 0 0 0 0 0 0 0 0 0 0 -1.6571441646373638e-2 0 0
0 0 -1.5377862279562147e-2 0 0 0 0 0 0 0 0 0 0 0 -9.763497698294687e-2 -3.2061599821620185e-2 -1.4095398912643196e-2 -7.338341178861449e-2 0 0 0 0 0 0
