0 0 0 24.914126199643732 -1.416817462322568e-2 0 0 0 0 0 -6.1730001953499425e-2 -1.5539769006484913e-2 0 -0.12767797063822311 -0.10322133459349091 0 0 0 0 0 0 -3.526167649712923e-2 0 0
0 0 0 0 0 0 0 -9.340431346161915e-3 -2.1152412620019954e-2 0 0 0 0 0 0 0 0 0 0 0 0 0 0 0
0 0 0 0 0 0 0 0 0 0 0 0 0 0 0 0 0 0 0 0 0 0 0 0
24.914126199643732 0 0 0 -1.6683343266088366e-2 0 0 0 0 0 -3.19227362401139e-2 0 0 -0.11599678598639858 -0.9691412197268359 0 0 0 0 0 -1.0078672590284807e-2 -3.853762333922239e-2 0 0
-1.416817462322568e-2 0 0 -1.6683343266088366e-2 0 0 0 0 0 0 0 0 0 0 0 0 0 0 0 0 -0.3992447186493915 -2.0701591887500335e-2 0 0
0 0 0 0 0 0 -1.2028812078796955e-2 0 0 0 0 0 -1.3872758364251963e-2 0 0 0 0 0 0 0 0 -0.35405898811388226 -0.5794376152486662 0
0 0 0 0 0 -1.2028812078796955e-2 0 -9.363916555278032e-2 0 0 0 -3.6347399045819545e-2 -2.3313800810912246e-2 0 0 0 0 0 0 0 0 0 0 0
0 -9.340431346161915e-3 0 0 0 0 -9.363916555278032e-2 0 0 0 0 0 0 0 0 0 0 0 0 0 0 0 0 0
0 -2.1152412620019954e-2 0 0 0 0 0 0 0 0 0 0 0 0 0 0 0 0 0 0 0 0 0 0
0 0 0 0 0 0 0 0 0 0 0 0 0 0 0 0 0 0 0 0 0 0 0 0
-6.1730001953499425e-2 0 0 -3.19227362401139e-2 0 0 0 0 0 0 0 -1.815135604562813e-2 0 -0.1196497428086783 -2.3727212918064865e-2 0 0 0 0 0 0 0 0 0
-1.5539769006484913e-2 0 0 0 0 0 -3.6347399045819545e-2 0 0 0 -1.815135604562813e-2 0 -0.9940033001747015 -0.1587928954470453 0 0 0 0 0 0 0 0 0 0
0 0 0 0 0 -1.3872758364251963e-2 -2.3313800810912246e-2 0 0 0 0 -0.9940033001747015 0 -0.1445141676860952 0 0 0 0 0 0 0 -2.2995895702297174e-2 -1.2260008634900545e-2 -3.0824859756157553e-2
-0.12767797063822311 0 0 -0.11599678598639858 0 0 0 0 0 0 -0.1196497428086783 -0.1587928954470453 -0.1445141676860952 0 -4.466569619424291e-2 0 0 0 0 0 0 -2.8892928765106882e-2 0 -2.0565322564587363e-2
-0.10322133459349091 0 0 -0.9691412197268359 0 0 0 0 0 0 -2.3727212918064865e-2 0 0 -4.466569619424291e-2 0 -1.9451703890021314e-2 0 0 0 0 0 0 0 0
0 0 0 0 0 0 0 0 0 0 0 0 0 0 -1.9451703890021314e-2 0 -6.117267671804199e-2 0 0 0 0 0 0 0
0 0 0 0 0 0 0 0 0 0 0 0 0 0 0 -6.117267671804199e-2 0 -1.789899281766024e-2 0 0 0 0 0 0
0 0 0 0 0 0 0 0 0 0 0 0 0 0 0 0 -1.789899281766024e-2 0 0 0 0 0 0 0
0 0 0 0 0 0 0 0 0 0 0 0 0 0 0 0 0 0 0 -7.129658919389754e-2 0 0 0 0
0 0 0 0 0 0 0 0 0 0 0 0 0 0 0 0 0 0 -7.129658919389754e-2 0 -1.750373894914771e-2 0 0 0
0 0 0 -1.0078672590284807e-2 -0.3992447186493915 0 0 0 0 0 0 0 0 0 0 0 0 0 0 -1.750373894914771e-2 0 0 0 0
-3.526167649712923e-2 0 0 -3.853762333922239e-2 -2.0701591887500335e-2 -0.35405898811388226 0 0 0 0 0 0 -2.2995895702297174e-2 -2.8892928765106882e-2 0 0 0 0 0 0 0 0 -0.20862734021665422 0
0 0 0 0 0 -0.5794376152486662 0 0 0 0 0 0 -1.2260008634900545e-2 0 0 0 0 0 0 0 0 -0.20862734021665422 0 -8.676874625344349e-3
0 0 0 0 0 0 0 0 0 0 0 0 -3.0824859756157553e-2 -2.0565322564587363e-2 0 0 0 0 0 0 0 0 -8.676874625344349e-3 0
