0 -1.559904826540823e-2 0 0 0 -8.641129895225825e-3 -2.5013672591168202e-2 -5.4511772504682365e-2 0 0 0 0 0 0 0 0 0 0 0 0 0 0 0 0
-1.559904826540823e-2 0 0 0 0 0 -1.946563854355885e-2 -0.8125096613705224 -6.784240176843181e-2 0 0 0 0 0 0 0 0 0 0 0 0 0 0 -6.430908674298627e-2
0 0 0 0 0 0 0 0 0 0 0 0 0 0 0 0 0 0 0 0 0 0 0 0
0 0 0 0 -6.517858330798681e-2 0 0 0 0 0 0 0 0 -6.787967266991365e-2 0 0 0 0 0 0 0 0 0 0
0 0 0 -6.517858330798681e-2 0 0 0 0 0 0 0 0 -1.7232431565328426e-2 7.320838232932309e14 -1.105453507373998e-2 0 0 0 0 0 0 0 0 0
-8.641129895225825e-3 0 0 0 0 0 0 0 0 0 0 0 0 0 0 0 -2.5601922204473975e-2 -1.1054129217404576e-2 0 0 -6.981676054823047e-2 0 0 0
-2.5013672591168202e-2 -1.946563854355885e-2 0 0 0 0 0 -9.384822156328619e-2 0 0 0 0 0 0 0 0 0 -2.2177666404885058e-2 0 -1.4365119093734731e-2 0 0 -2.0468995035814008e-2 -0.27838204994490656
-5.4511772504682365e-2 -0.8125096613705224 0 0 0 0 -9.384822156328619e-2 0 -8.398205371863102e-3 0 0 0 0 0 0 0 0 0 0 0 0 0 0 -0.6813544832231251
0 -6.784240176843181e-2 0 0 0 0 0 -8.398205371863102e-3 0 0 0 0 0 0 0 0 0 0 0 0 0 0 0 -1.4146902377137768e-2
0 0 0 0 0 0 0 0 0 0 -8.60863510867982e-3 0 0 0 0 0 0 0 0 0 0 0 0 0
0 0 0 0 0 0 0 0 0 -8.60863510867982e-3 0 0 0 0 0 0 0 0 0 0 0 0 0 0
0 0 0 0 0 0 0 0 0 0 0 0 -8.855731783490012e-2 0 0 0 0 0 0 0 0 0 0 0
0 0 0 0 -1.7232431565328426e-2 0 0 0 0 0 0 -8.855731783490012e-2 0 -1.9657953556012204e-2 0 0 0 0 0 0 0 0 0 0
0 0 0 -6.787967266991365e-2 7.320838232932309e14 0 0 0 0 0 0 0 -1.9657953556012204e-2 0 -1.0870726978420958e-2 0 0 0 0 0 0 0 0 0
0 0 0 0 -1.105453507373998e-2 0 0 0 0 0 0 0 0 -1.0870726978420958e-2 0 -0.8737560080801334 0 0 0 0 0 0 0 0
0 0 0 0 0 0 0 0 0 0 0 0 0 0 -0.8737560080801334 0 0 0 0 0 0 0 0 0
0 0 0 0 0 -2.5601922204473975e-2 0 0 0 0 0 0 0 0 0 0 0 -0.7985925241867331 0 0 -0.4099879514179769 0 0 0
0 0 0 0 0 -1.1054129217404576e-2 -2.2177666404885058e-2 0 0 0 0 0 0 0 0 0 -0.7985925241867331 0 -1.6790523422887334e-2 -0.1354065329038365 -0.3364661950692654 0 -3.4984547084681794e-2 0
0 0 0 0 0 0 0 0 0 0 0 0 0 0 0 0 0 -1.6790523422887334e-2 0 -0.1458586706818491 0 0 0 0
0 0 0 0 0 0 -1.4365119093734731e-2 0 0 0 0 0 0 0 0 0 0 -0.1354065329038365 -0.1458586706818491 0 -8.767710767971781e-3 0 -0.8178768274574466 0
0 0 0 0 0 -6.981676054823047e-2 0 0 0 0 0 0 0 0 0 0 -0.4099879514179769 -0.3364661950692654 0 -8.767710767971781e-3 0 0 -1.3701132530318285e-2 0
0 0 0 0 0 0 0 0 0 0 0 0 0 0 0 0 0 0 0 0 0 0 -8.698690367026067e-2 0
0 0 0 0 0 0 -2.0468995035814008e-2 0 0 0 0 0 0 0 0 0 0 -3.4984547084681794e-2 0 -0.8178768274574466 -1.3701132530318285e-2 -8.698690367026067e-2 0 0
0 -6.430908674298627e-2 0 0 0 0 -0.27838204994490656 -0.6813544832231251 -1.4146902377137768e-2 0 0 0 0 0 0 0 0 0 0 0 0 0 0 0
