0 -2.279869271878735e-2 0 0 0 -1.1937903916451794e-2 0 0 0 0 0 0 0 0 0 0 0 -2.7732816816376432e-2 0 0 0 -3.474091619322171e-2 -0.9630307264999223 0
-2.279869271878735e-2 0 0 0 0 0 0 0 0 0 0 0 0 0 0 0 0 0 0 0 0 0 0 0
0 0 0 0 0 0 0 -0.1085495983932011 0 0 0 0 0 0 0 0 0 0 0 0 0 0 0 0
0 0 0 0 -1.6175916265950347e-2 0 0 0 0 0 0 0 0 0 0 0 0 0 0 0 0 0 0 0
0 0 0 -1.6175916265950347e-2 0 0 0 0 0 0 0 0 0 0 0 0 -1.041594649932036e-2 -3.0259751891486605e-2 0 0 0 0 0 -2.579574414942776e-2
-1.1937903916451794e-2 0 0 0 0 0 -2.2219267847649892e-2 0 0 0 0 -4.015571161509496e-2 -9.100564610273918e-3 375.32755476939167 0 0 0 0 0 0 0 -1.0577352528750212e-2 -9.348659865819911e-3 -0.6920051632513478
0 0 0 0 0 -2.2219267847649892e-2 0 -1.6020163193635792e-2 0 0 0 -5.231940443320621e-2 -0.21945511179823632 -2.1042400561099923e-2 0 0 0 0 0 0 0 0 0 0
0 0 -0.1085495983932011 0 0 0 -1.6020163193635792e-2 0 -1.923805982495624e-2 0 0 0 0 0 0 0 0 0 0 0 0 0 0 0
0 0 0 0 0 0 0 -1.923805982495624e-2 0 0 0 0 0 0 0 0 0 0 0 0 0 0 0 0
0 0 0 0 0 0 0 0 0 0 -9.46987336531622e-3 0 0 0 0 0 0 0 0 0 0 0 0 0
0 0 0 0 0 0 0 0 0 -9.46987336531622e-3 0 -1.697447827298941e-2 0 0 0 0 0 0 0 0 0 0 0 0
0 0 0 0 0 -4.015571161509496e-2 -5.231940443320621e-2 0 0 0 -1.697447827298941e-2 0 -1.598114345888439e-2 -0.1083917580752353 0 0 0 0 0 0 0 0 0 0
0 0 0 0 0 -9.100564610273918e-3 -0.21945511179823632 0 0 0 0 -1.598114345888439e-2 0 -1.7729106955773236e-2 0 0 0 0 0 0 0 0 0 0
0 0 0 0 0 375.32755476939167 -2.1042400561099923e-2 0 0 0 0 -0.1083917580752353 -1.7729106955773236e-2 0 -8.987663983095749e-3 0 0 0 0 0 0 0 0 -0.6395463128783871
0 0 0 0 0 0 0 0 0 0 0 0 0 -8.987663983095749e-3 0 -0.2166306239388629 0 0 0 0 0 0 0 -3.8556526978279666e-2
0 0 0 0 0 0 0 0 0 0 0 0 0 0 -0.2166306239388629 0 0 0 0 0 0 0 0 -3.777749622790427e-2
0 0 0 0 -1.041594649932036e-2 0 0 0 0 0 0 0 0 0 0 0 0 -1.73185044044355e-2 0 0 0 0 0 0
-2.7732816816376432e-2 0 0 0 -3.0259751891486605e-2 0 0 0 0 0 0 0 0 0 0 0 -1.73185044044355e-2 0 -2.2250530650249425e-2 0 0 0 -5.1618800487467774e-2 -1.551974017126858e-2
0 0 0 0 0 0 0 0 0 0 0 0 0 0 0 0 0 -2.2250530650249425e-2 0 -4.085665109271186e-2 0 0 -4.168866254116603e-2 0
0 0 0 0 0 0 0 0 0 0 0 0 0 0 0 0 0 0 -4.085665109271186e-2 0 -9.106657724430114e-3 0 0 0
0 0 0 0 0 0 0 0 0 0 0 0 0 0 0 0 0 0 0 -9.106657724430114e-3 0 0 0 0
-3.474091619322171e-2 0 0 0 0 -1.0577352528750212e-2 0 0 0 0 0 0 0 0 0 0 0 0 0 0 0 0 -4.494143431702158e-2 0
-0.9630307264999223 0 0 0 0 -9.348659865819911e-3 0 0 0 0 0 0 0 0 0 0 0 -5.1618800487467774e-2 -4.168866254116603e-2 0 0 -4.494143431702158e-2 0 0
0 0 0 0 -2.579574414942776e-2 -0.6920051632513478 0 0 0 0 0 0 0 -0.6395463128783871 -3.8556526978279666e-2 -3.777749622790427e-2 0 -1.551974017126858e-2 0 0 0 0 0 0
