0 0 0 1196.7523162594778 -1.1790962243807313e-2 0 0 0 0 0 0 0 0 0 0 0 0 0 0 0 0 0 0 0
0 0 0 0 0 0 0 0 0 0 0 0 0 0 0 0 0 0 0 0 0 0 0 0
0 0 0 0 0 0 0 0 0 0 0 0 0 0 0 0 0 0 0 0 0 0 -1.35014306205142e-2 -5.9345089983996645e-2
1196.7523162594778 0 0 0 -2.152960882827184e-2 0 0 0 0 0 0 0 0 0 0 0 0 0 0 0 0 0 0 0
-1.1790962243807313e-2 0 0 -2.152960882827184e-2 0 -8.88293579419179e-3 0 0 0 0 0 0 0 0 0 0 0 0 0 0 0 0 0 0
0 0 0 0 -8.88293579419179e-3 0 -9.534549193422757e-3 0 0 0 0 0 0 0 0 0 0 0 0 0 0 0 0 0
0 0 0 0 0 -9.534549193422757e-3 0 -1.7230751256705475e-2 0 0 0 0 0 0 0 0 0 0 0 0 0 0 0 0
0 0 0 0 0 0 -1.7230751256705475e-2 0 -1.624157677893194e-2 0 0 0 0 0 0 0 0 0 0 0 0 0 0 0
0 0 0 0 0 0 0 -1.624157677893194e-2 0 0 0 0 0 0 0 0 0 0 0 0 0 0 0 0
0 0 0 0 0 0 0 0 0 0 -8.589902026108305e-3 0 0 0 0 0 0 0 0 0 0 0 0 0
0 0 0 0 0 0 0 0 0 -8.589902026108305e-3 0 -8.626500092410706e-3 0 0 0 0 0 0 0 0 0 0 0 0
0 0 0 0 0 0 0 0 0 0 -8.626500092410706e-3 0 -1.672139016567841e-2 -2.0876116601031072e-2 0 0 0 0 0 0 0 0 0 0
0 0 0 0 0 0 0 0 0 0 0 -1.672139016567841e-2 0 -0.12506996333184658 0 0 0 0 0 0 0 0 0 0
0 0 0 0 0 0 0 0 0 0 0 -2.0876116601031072e-2 -0.12506996333184658 0 -4.8482930129468804e-2 0 0 0 0 0 0 0 0 0
0 0 0 0 0 0 0 0 0 0 0 0 0 -4.8482930129468804e-2 0 -5.838209483852909e-2 -2.038260316417416e-2 0 0 0 0 0 0 0
0 0 0 0 0 0 0 0 0 0 0 0 0 0 -5.838209483852909e-2 0 -2.183402680391926e-2 -1.884817032781517e-2 0 0 0 0 0 0
0 0 0 0 0 0 0 0 0 0 0 0 0 0 -2.038260316417416e-2 -2.183402680391926e-2 0 -1.9366586212221888e-2 0 0 0 0 0 0
0 0 0 0 0 0 0 0 0 0 0 0 0 0 0 -1.884817032781517e-2 -1.9366586212221888e-2 0 -0.32164112510795095 0 0 0 0 0
0 0 0 0 0 0 0 0 0 0 0 0 0 0 0 0 0 -0.32164112510795095 0 -7.110583437639757e-2 0 0 0 0
0 0 0 0 0 0 0 0 0 0 0 0 0 0 0 0 0 0 -7.110583437639757e-2 0 0 0 0 0
0 0 0 0 0 0 0 0 0 0 0 0 0 0 0 0 0 0 0 0 0 0 0 0
0 0 0 0 0 0 0 0 0 0 0 0 0 0 0 0 0 0 0 0 0 0 -8.345032689204676e-2 -1.0812520463128828e-2
0 0 -1.35014306205142e-2 0 0 0 0 0 0 0 0 0 0 0 0 0 0 0 0 0 0 -8.345032689204676e-2 0 -2.1865527380069204e-2
0 0 -5.9345089983996645e-2 0 0 0 0 0 0 0 0 0 0 0 0 0 0 0 0 0 0 -1.0812520463128828e-2 -2.1865527380069204e-2 0
