0 0 0 0 0 0 0 0 0 0 0 0 0 0 0 0 0 0 0 0 0 0 0 0
0 0 0 0 0 0 0 0 0 0 0 0 0 0 0 0 0 0 0 0 0 0 0 0
0 0 0 -1.7596050042784726e-2 0 0 0 0 0 0 0 0 0 0 0 0 0 0 0 0 0 0 0 0
0 0 -1.7596050042784726e-2 0 -0.9492775927279885 0 0 0 0 0 0 0 0 0 0 0 0 0 0 0 0 0 0 0
0 0 0 -0.9492775927279885 0 -3.635295396456585e-2 0 0 0 0 0 0 0 0 0 0 0 0 0 0 0 0 0 0
0 0 0 0 -3.635295396456585e-2 0 -2.1321440045887822e-2 0 0 0 0 0 0 0 0 0 0 0 0 0 0 0 0 0
0 0 0 0 0 -2.1321440045887822e-2 0 -0.19973265839180696 0 0 0 -1.5105013286682711e-2 0 0 0 0 0 0 0 0 0 0 0 -0.19731745349457733
0 0 0 0 0 0 -0.19973265839180696 0 0 0 0 -8.36146163942428e-3 0 0 0 0 0 0 0 0 0 0 0 -3.197265670903514e-2
0 0 0 0 0 0 0 0 0 -0.9990081129703539 -1.4986927100214188e-2 0 -5.892071155326735e-2 0 0 0 0 0 0 0 0 0 0 -1.029715842911067e-2
0 0 0 0 0 0 0 0 -0.9990081129703539 0 -0.31125800177735763 -1.0299694986946177e-2 -6.6690488317742e-2 0 0 0 0 0 0 0 0 0 0 -1.0487851301522357e-2
0 0 0 0 0 0 0 0 -1.4986927100214188e-2 -0.31125800177735763 0 -0.12083029245666148 -1.5501293757344428e-2 -1.4769492295677571e-2 0 0 0 0 0 0 0 0 0 -1.0659305405135919e-2
0 0 0 0 0 0 -1.5105013286682711e-2 -8.36146163942428e-3 0 -1.0299694986946177e-2 -0.12083029245666148 0 -1.8580944429432568e-2 -0.2595678359213573 0 0 0 0 0 0 0 0 0 -0.20385726899486104
0 0 0 0 0 0 0 0 -5.892071155326735e-2 -6.6690488317742e-2 -1.5501293757344428e-2 -1.8580944429432568e-2 0 -1.6512015901595754e-2 0 0 0 0 0 0 0 0 0 -0.1428022860271741
0 0 0 0 0 0 0 0 0 0 -1.4769492295677571e-2 -0.2595678359213573 -1.6512015901595754e-2 0 0 0 0 0 0 0 0 0 0 -2.068359607606967e-2
0 0 0 0 0 0 0 0 0 0 0 0 0 0 0 -0.31975239711368375 0 0 0 0 0 0 0 0
0 0 0 0 0 0 0 0 0 0 0 0 0 0 -0.31975239711368375 0 0 0 0 0 0 0 0 0
0 0 0 0 0 0 0 0 0 0 0 0 0 0 0 0 0 -4.383335023835754e-2 -1.0345285775396831e-2 368.0634362515083 0 0 0 0
0 0 0 0 0 0 0 0 0 0 0 0 0 0 0 0 -4.383335023835754e-2 0 -0.34590659232001036 -0.14292760034916316 0 0 0 0
0 0 0 0 0 0 0 0 0 0 0 0 0 0 0 0 -1.0345285775396831e-2 -0.34590659232001036 0 -1.6610927213841345e-2 0 0 0 0
0 0 0 0 0 0 0 0 0 0 0 0 0 0 0 0 368.0634362515083 -0.14292760034916316 -1.6610927213841345e-2 0 -1.698328651729168e-2 0 0 0
0 0 0 0 0 0 0 0 0 0 0 0 0 0 0 0 0 0 0 -1.698328651729168e-2 0 0 0 0
0 0 0 0 0 0 0 0 0 0 0 0 0 0 0 0 0 0 0 0 0 0 -0.392402361844751 0
0 0 0 0 0 0 0 0 0 0 0 0 0 0 0 0 0 0 0 0 0 -0.392402361844751 0 0
0 0 0 0 0 0 -0.19731745349457733 -3.197265670903514e-2 -1.029715842911067e-2 -1.0487851301522357e-2 -1.0659305405135919e-2 -0.20385726899486104 -0.1428022860271741 -2.068359607606967e-2 0 0 0 0 0 0 0 0 0 0
