0 0 0 0 0 0 0 0 0 0 0 0 0 0 0 0 0 0 0 0 0 0 0 0
0 0 0 0 0 0 0 0 0 0 0 0 0 0 0 0 0 0 0 0 0 0 0 0
0 0 0 -3.276300135809924e-2 -1.648704736717257e-2 0 -1.019184990706309e-2 0 0 0 0 0 -1.3398489953555784e-2 -0.11181828060071947 0 0 0 0 0 0 0 0 0 0
0 0 -3.276300135809924e-2 0 -9.621986859152895e-3 0 0 0 0 0 0 0 0 0 0 0 0 0 0 0 0 0 0 0
0 0 -1.648704736717257e-2 -9.621986859152895e-3 0 -4.1643283056004406e-2 -8.622784484375595e-2 -1.0714000450851012e-2 -7.966720028998646e-2 -1.5531486975677406e-2 0 -0.21155488400867783 -4.6556221025397e-2 -1.9220511585734974e-2 0 0 0 0 0 0 0 0 0 0
0 0 0 0 -4.1643283056004406e-2 0 0 0 -0.28218973543391446 -1.724482287257586e-2 0 -2.381112530654664e-2 0 0 0 0 0 0 0 0 0 0 0 0
0 0 -1.019184990706309e-2 0 -8.622784484375595e-2 0 0 -9.876502136206193e-2 0 0 0 -8.671533981663024e-3 -0.47170165213018994 -0.6120527974356187 0 0 0 0 0 0 0 0 0 0
0 0 0 0 -1.0714000450851012e-2 0 -9.876502136206193e-2 0 -1.5575585877112282e-2 0 0 0 -1.8266022161827156e-2 0 0 0 0 0 0 0 0 0 0 0
0 0 0 0 -7.966720028998646e-2 -0.28218973543391446 0 -1.5575585877112282e-2 0 -0.7979036688536882 0 -0.7823837258502148 -1.8590771077991407e-2 0 0 0 0 0 0 0 0 0 0 0
0 0 0 0 -1.5531486975677406e-2 -1.724482287257586e-2 0 0 -0.7979036688536882 0 -7.924730199555907e-2 -0.18531744084979263 -9.816686226430825e-3 0 0 0 0 0 0 0 0 0 0 0
0 0 0 0 0 0 0 0 0 -7.924730199555907e-2 0 -3.5859123386793874e-2 -1.1159634837120465e-2 0 0 0 0 0 0 0 0 0 0 0
0 0 0 0 -0.21155488400867783 -2.381112530654664e-2 -8.671533981663024e-3 0 -0.7823837258502148 -0.18531744084979263 -3.5859123386793874e-2 0 -5.183890856087947e-2 0 0 0 0 0 0 0 0 0 0 0
0 0 -1.3398489953555784e-2 0 -4.6556221025397e-2 0 -0.47170165213018994 -1.8266022161827156e-2 -1.8590771077991407e-2 -9.816686226430825e-3 -1.1159634837120465e-2 -5.183890856087947e-2 0 -0.37397523608999894 0 0 0 0 0 0 0 0 0 0
0 0 -0.11181828060071947 0 -1.9220511585734974e-2 0 -0.6120527974356187 0 0 0 0 0 -0.37397523608999894 0 -1.2216808703942098e-2 -2.0488618363637755e-2 0 0 0 0 0 0 0 0
0 0 0 0 0 0 0 0 0 0 0 0 0 -1.2216808703942098e-2 0 -3.2739208021401574e-2 0 -2.04565194537965e-2 0 0 0 0 0 0
0 0 0 0 0 0 0 0 0 0 0 0 0 -2.0488618363637755e-2 -3.2739208021401574e-2 0 0 0 0 0 0 0 0 0
0 0 0 0 0 0 0 0 0 0 0 0 0 0 0 0 0 -0.17982796892660013 0 0 0 0 0 0
0 0 0 0 0 0 0 0 0 0 0 0 0 0 -2.04565194537965e-2 0 -0.17982796892660013 0 -0.1379750774886217 0 0 0 0 0
0 0 0 0 0 0 0 0 0 0 0 0 0 0 0 0 0 -0.1379750774886217 0 -4.4052366375743e-2 -0.16262246884206222 0 0 0
0 0 0 0 0 0 0 0 0 0 0 0 0 0 0 0 0 0 -4.4052366375743e-2 0 -9.054502831630859e-2 0 0 0
0 0 0 0 0 0 0 0 0 0 0 0 0 0 0 0 0 0 -0.16262246884206222 -9.054502831630859e-2 0 -1.2197258914139232e-2 0 0
0 0 0 0 0 0 0 0 0 0 0 0 0 0 0 0 0 0 0 0 -1.2197258914139232e-2 0 -0.8669634462277795 0
0 0 0 0 0 0 0 0 0 0 0 0 0 0 0 0 0 0 0 0 0 -0.8669634462277795 0 0
0 0 0 0 0 0 0 0 0 0 0 0 0 0 0 0 0 0 0 0 0 0 0 0
